5,86,0,0,0,20
10,88,0,0,0,20
14,89,0,0,0,20
14,89,0,0,0,20
14,90,0,0,0,20
14,90,0,0,0,20
14,90,0,0,0,20
14,90,0,0,0,20
14,90,0,0,0,20
14,90,0,0,0,20
14,90,0,0,0,20
14,90,0,0,0,20
14,90,0,0,0,20
14,90,0,0,0,20
14,90,0,0,0,20
14,90,0,0,0,20
14,90,0,0,0,20
14,90,0,0,0,20
14,90,0,0,0,20
14,90,0,0,0,20
14,90,0,0,0,20
14,90,0,0,0,20
14,90,0,0,0,20
14,90,0,0,0,20
14,90,0,0,0,20
14,90,0,0,0,20
14,90,0,0,0,20
14,90,0,0,0,20
14,90,0,0,0,20
14,90,0,0,0,20
14,90,0,0,0,20
14,90,0,0,0,20
14,90,0,0,0,20
14,90,0,0,0,20
14,90,0,0,0,20
14,90,0,0,0,20
14,90,0,0,0,20
14,90,0,0,0,20
14,90,0,0,0,20
14,90,0,0,0,20
14,90,0,0,0,20
14,90,0,0,0,20
14,90,0,0,0,20
14,90,0,0,0,20
14,90,0,0,0,20
14,90,0,0,0,20
14,90,0,0,0,20
14,90,0,0,0,20
14,90,0,0,0,20
14,90,0,0,0,20
14,90,0,0,0,20
14,90,0,0,0,20
14,90,0,0,0,20
14,90,0,0,0,20
14,90,0,0,0,20
14,90,0,0,0,20
14,90,0,0,0,20
14,90,0,0,0,20
14,90,0,0,0,20
15,90,0,0,0,20
15.2,90,0,0,0,20
15.4,90,0,0,0,20
15.6,90,0,0,0,20
15.7,90,0,0,0,20
15.9,90,0,0,0,20
16.1,90,0,0,0,20
16.3,90,0,0,0,20
16.5,90,0,0,0,20
16.6,90,0,0,0,20
16.8,90,0,0,0,20
17,90,0,0,0,20
17.2,90,0,0,0,20
17.4,90,0,0,0,20
17.6,90,0,0,0,20
17.7,90,0,0,0,20
17.9,90,0,0,0,20
18.1,90,0,0,0,20
18.3,90,0,0,0,20
18.5,90,0,0,0,20
18.7,90,0,0,0,20
18.8,90,0,0,0,20
19,90,0,0,0,20
19.2,90,0,0,0,20
19.4,90,0,0,0,20
19.6,90,0,0,0,20
19.8,90,0,0,0,20
19.9,90,0,0,0,20
20.1,90,0,0,0,20
20.3,90,0,0,0,20
20.5,90,0,0,0,20
20.7,90,0,0,0,20
20.9,90,0,0,0,20
21.1,90,0,0,0,20
21.2,90,0,0,0,20
21.4,90,0,0,0,20
21.6,90,0,0,0,20
21.8,90,0,0,0,20
22,90,0,0,0,20
22.2,90,0,0,0,50
22,90,0,0,0,50
22,90,0,0,0,50
22,90,0,0,0,50
22,90,0,0,0,50
22,90,0,0,0,50
22,90,0,0,0,50
22,90,0,0,0,50
22,90,0,0,0,50
22,90,0,0,0,50
22,90,0,0,0,50
22,90,0,0,0,50
22,90,0,0,0,50
22,89,0,0,0,50
22,88,0,0,0,50
22,87,0,0,0,50
22,86,0,0,0,50
22,85,0,0,0,50
22,85,0,0,0,50
22,84,0,0,0,50
22,84,0,0,0,50
22,84,0,0,0,50
22,84,0,0,0,50
22,84,0,0,0,50
22,84,0,0,0,50
22,84,0,0,0,50
22,84,0,0,0,50
22,84,0,0,0,50
22,84,0,0,0,50
22,85,0,0,0,50
22,85,0,0,0,50
22,85,0,0,0,50
22,85,0,0,0,50
22,86,0,0,0,50
22,86,0,0,0,50
22,87,0,0,0,50
22,87,0,0,0,50
22,87,0,0,0,50
22,88,0,0,0,50
22,88,0,0,0,50
22,88,0,0,0,50
22,89,0,0,0,50
22,89,0,0,0,50
22,89,0,0,0,50
22,90,0,0,0,50
22,90,0,0,0,50
22,90,0,0,0,50
22,90,0,0,0,50
22,90,0,0,0,50
22,90,0,0,0,50
22,90,0,0,0,50
22,90,0,0,0,50
22,90,0,0,0,50
22,90,0,0,0,50
22,90,0,0,0,50
22,90,0,0,0,50
22,90,0,0,0,50
22,90,0,0,0,50
22,90,0,0,0,50
22,90,0,0,0,50
22,90,0,0,0,50
22,90,0,0,0,50
22,90,0,0,0,50
22,90,0,0,0,50
22,90,0,0,0,50
22,90,0,0,0,50
22,90,0,0,0,50
22,90,0,0,0,50
22,90,0,0,0,50
22,90,0,0,0,50
22,90,0,0,0,50
22,90,0,0,0,50
22,91,0,0,0,50
22,92,0,0,0,50
22,93,0,0,0,50
22,94,0,0,0,50
22,96,0,0,0,50
22,98,0,0,0,50
22,100,0,0,0,50
22,101,0,0,0,50
22,102,0,0,0,50
22,104,0,0,0,50
22,105,0,0,0,50
22,105,0,0,0,50
22,105,0,0,0,50
22,105,0,0,0,50
22,106,0,0,0,50
22,106,0,0,0,50
22,107,0,0,0,50
22,109,0,0,0,50
22,109,0,0,0,50
22,108,0,0,0,50
22,109,0,0,0,50
22,109,0,0,0,50
22,107,0,0,0,50
22,106,0,0,0,50
22,103,0,0,0,50
22,102,0,0,0,50
22,101,0,0,0,50
22,100,0,0,0,50
22,98,0,0,0,50
22,96,0,0,0,50
22,94,0,0,0,50
22,93,0,0,0,50
22,93,0,0,0,50
22,92,0,0,0,50
22,91,0,0,0,50
22,91,0,0,0,50
22,91,0,0,0,50
22,91,0,0,0,50
22,91,0,0,0,50
22,90,0,0,0,50
22,90,0,0,0,50
22,90,0,0,0,50
22,90,0,0,0,50
22,90,0,0,0,50
22,90,0,0,0,50
22,90,0,0,0,50
22,90,0,0,0,50
22,90,0,0,0,50
22,90,0,0,0,50
22,90,0,0,0,50
22,90,0,0,0,50
22,90,0,0,0,50
22,90,0,0,0,50
22,90,0,0,0,50
22,90,0,0,0,50
22,90,0,0,0,50
22,90,0,0,0,50
22,90,0,0,0,50
22,90,0,0,0,50
22,90,0,0,0,50
22,90,0,0,0,50
22,90,0,0,0,50
22,90,0,0,0,50
22,90,0,0,0,50
22,90,0,0,0,50
22,90,0,0,0,50
22,90,0,0,0,50
22,90,0,0,0,50
22,90,0,0,0,50
22,90,0,0,0,50
22,90,0,0,0,50
22,90,0,0,0,50
22,91,0,0,0,50
22,91,0,0,0,50
22,91,0,0,0,50
22,91,0,0,0,50
22,92,0,0,0,50
22,92,0,0,0,50
22,92,0,0,0,50
22,92,0,0,0,50
22,92,0,0,0,50
22,92,0,0,0,50
22,92,0,0,0,50
22,92,0,0,0,50
22,92,0,0,0,50
22,92,0,0,0,50
22,91,0,0,0,50
22,91,0,0,0,50
22,91,0,0,0,50
22,91,0,0,0,50
22,90,0,0,0,50
22,90,0,0,0,50
22,90,0,0,0,50
22,90,0,0,0,50
22,90,0,0,0,50
22,90,0,0,0,50
22,90,0,0,0,50
22,90,0,0,0,50
22,90,0,0,0,50
22,90,0,0,0,50
22,90,0,0,0,50
22,91,0,0,0,50
22,93,0,0,0,50
22,94,0,0,0,50
22,96,0,0,0,50
22,98,0,0,0,50
22,99,0,0,0,50
22,100,0,0,0,50
22,101,0,0,0,50
22,101,0,0,0,50
22,101,0,0,0,50
22,101,0,0,0,50
22,100,0,0,0,50
22,99,0,0,0,50
22,98,0,0,0,50
22,96,0,0,0,50
22,95,0,0,0,50
22,93,0,0,0,50
22,92,0,0,0,50
22,91,0,0,0,50
22,91,0,0,0,50
22,91,0,0,0,50
22,91,0,0,0,50
22,90,0,0,0,50
22,90,0,0,0,50
22,90,0,0,0,50
22,90,0,0,0,50
22,90,0,0,0,50
22,90,0,0,0,50
22,90,0,0,0,50
22,90,0,0,0,50
22,90,0,0,0,50
22,90,0,0,0,50
22,90,0,0,0,50
22,90,0,0,0,50
22,90,0,0,0,50
22,90,0,0,0,50
22,90,0,0,0,50
22,90,0,0,0,50
22,90,0,0,0,50
22,90,0,0,0,50
22,90,0,0,0,50
22,90,0,0,0,50
22,90,0,0,0,50
22,90,0,0,0,50
22,90,0,0,0,50
22,90,0,0,0,50
22,90,0,0,0,50
22,90,0,0,0,50
22,90,0,0,0,50
22,90,0,0,0,50
22,90,0,0,0,50
22,90,0,0,0,50
22,90,0,0,0,50
22,90,0,0,0,50
22,90,0,0,0,50
22,90,0,0,0,50
22,90,0,0,0,50
22,90,0,0,0,50
22,90,0,0,0,50
22,90,0,0,0,50
22,90,0,0,0,50
22,90,0,0,0,50
22,90,0,0,0,50
22,90,0,0,0,50
22,89,0,0,0,50
22,90,0,0,0,50
22,90,0,0,0,50
22,91,0,0,0,50
22,91,0,0,0,50
22,91,0,0,0,50
22,91,0,0,0,50
22,92,0,0,0,50
22,91,0,0,0,50
22,91,0,0,0,50
22,90,0,0,0,50
22,90,0,0,0,50
22,90,0,0,0,50
22,90,0,0,0,50
22,90,0,0,0,50
22,90,0,0,0,50
22,90,0,0,0,50
22,90,0,0,0,50
22,90,0,0,0,50
22,90,0,0,0,50
22,90,0,0,0,50
22,90,0,0,0,50
22,90,0,0,0,50
22,90,0,0,0,50
22,90,0,0,0,50
22,90,0,0,0,50
22,90,0,0,0,50
22,90,0,0,0,50
22,90,0,0,0,50
22,90,0,0,0,50
22,90,0,0,0,50
22,90,0,0,0,50
22,90,0,0,0,50
22,90,0,0,0,50
22,90,0,0,0,50
22,90,0,0,0,50
22,90,0,0,0,50
22,90,0,0,0,50
22,90,0,0,0,50
22,90,0,0,0,50
22,90,0,0,0,50
22,90,0,0,0,50
22,90,0,0,0,50
22,90,0,0,0,50
22,90,0,0,0,50
23,90,0,0,0,50
24,90,0,0,0,50
24,90,0,0,0,50
24,90,0,0,0,50
24,90,0,0,0,50
24,90,0,0,0,50
24,90,0,0,0,50
24,89,0,0,0,50
24,89,0,0,0,50
24,89,0,0,0,50
24,89,0,0,0,50
24,88,0,0,0,50
24,88,0,0,0,50
24,88,0,0,0,50
24,88,0,0,0,50
24,88,0,0,0,50
24,88,0,0,0,50
24,88,0,0,0,50
24,88,0,0,0,50
24,88,0,0,0,50
24,88,0,0,0,50
24,88,0,0,0,50
24,88,0,0,0,50
24,88,0,0,0,50
24,88,0,0,0,50
24,88,0,0,0,50
24,88,0,0,0,50
24,88,0,0,0,50
24,88,0,0,0,50
24,88,0,0,0,50
24,88,0,0,0,50
24,88,0,0,0,50
24,88,0,0,0,50
24,88,0,0,0,50
24,88,0,0,0,50
24,88,0,0,0,50
24,88,0,0,0,50
24,88,0,0,0,50
24,88,0,0,0,50
24,88,0,0,0,50
24,88,0,0,0,50
24,88,0,0,0,50
24,88,0,0,0,50
24,89,0,0,0,50
24,89,0,0,0,50
24,89,0,0,0,50
24,89,0,0,0,50
24,90,0,0,0,50
24,90,0,0,0,50
24,90,0,0,0,50
24,90,0,0,0,50
24,90,0,0,0,50
24,90,0,0,0,50
24,90,0,0,0,50
24,90,0,0,0,50
24,90,0,0,0,50
24,90,0,0,0,50
24,90,0,0,0,50
24,90,0,0,0,50
24,90,0,0,0,50
24,90,0,0,0,50
24,90,0,0,0,50
24,90,0,0,0,50
24,90,0,0,0,50
24,90,0,0,0,50
24,90,0,0,0,50
24,90,0,0,0,50
24,90,0,0,0,50
24,90,0,0,0,50
24,90,0,0,0,50
24,90,0,0,0,50
24,90,0,0,0,50
24,90,0,0,0,50
24,90,0,0,0,50
24,90,0,0,0,50
24,90,0,0,0,50
24,90,0,0,0,50
24,91,0,0,0,50
24,92,0,0,0,50
24,94,0,0,0,50
24,95,0,0,0,50
24,97,0,0,0,50
24,98,0,0,0,50
24,100,0,0,0,50
24,102,0,0,0,50
24,104,0,0,0,50
24,106,0,0,0,50
24,110,0,0,0,50
24,117,0,0,0,50
24,117,0,0,0,50
24,122,0,0,0,50
24,131,0,0,0,50
24,134,0,0,0,50
24,134,0,0,0,50
24,137,0,0,0,50
24,139,0,0,0,50
24,137,0,0,0,50
24,134,0,0,0,50
24,131,0,0,0,50
24,126,0,0,0,50
24,121,0,0,0,50
24,117,0,0,0,50
24,113,0,0,0,50
24,110,0,0,0,50
24,107,0,0,0,50
24,104,0,0,0,50
24,102,0,0,0,50
24,100,0,0,0,50
24,98,0,0,0,50
24,97,0,0,0,50
24,95,0,0,0,50
24,94,0,0,0,50
24,92,0,0,0,50
24,92,0,0,0,50
24,91,0,0,0,50
24,90,0,0,0,50
24,90,0,0,0,50
24,90,0,0,0,50
24,90,0,0,0,50
24,90,0,0,0,50
24,90,0,0,0,50
24,90,0,0,0,50
24,90,0,0,0,50
24,90,0,0,0,50
24,90,0,0,0,50
24,90,0,0,0,50
24,90,0,0,0,50
24,90,0,0,0,50
24,90,0,0,0,50
24,90,0,0,0,50
24,90,0,0,0,50
24,90,0,0,0,50
24,90,0,0,0,50
24,90,0,0,0,50
24,90,0,0,0,50
24,90,0,0,0,50
24,90,0,0,0,50
24,90,0,0,0,50
24,90,0,0,0,50
24,90,0,0,0,50
24,90,0,0,0,50
24,90,0,0,0,50
24,90,0,0,0,50
24,90,0,0,0,50
24,90,0,0,0,50
24,90,0,0,0,50
24,90,0,0,0,50
24,90,0,0,0,50
24,90,0,0,0,50
24,90,0,0,0,50
24,90,0,0,0,50
24,90,0,0,0,50
24,90,0,0,0,50
24,90,0,0,0,50
24,90,0,0,0,50
24,90,0,0,0,50
24,91,0,0,0,50
24,92,0,0,0,50
24,92,0,0,0,50
24,93,0,0,0,50
24,94,0,0,0,50
24,94,0,0,0,50
24,95,0,0,0,50
24,95,0,0,0,50
24,95,0,0,0,50
24,94,0,0,0,50
24,93,0,0,0,50
24,93,0,0,0,50
24,93,0,0,0,50
24,92,0,0,0,50
24,91,0,0,0,50
24,91,0,0,0,50
24,91,0,0,0,50
24,91,0,0,0,50
24,91,0,0,0,50
24,90,0,0,0,50
24,90,0,0,0,50
24,90,0,0,0,50
24,90,0,0,0,50
24,90,0,0,0,50
24,90,0,0,0,50
24,90,0,0,0,50
24,90,0,0,0,50
24,90,0,0,0,50
24,90,0,0,0,50
24,90,0,0,0,50
24,90,0,0,0,50
24,90,0,0,0,50
24,90,0,0,0,50
24,90,0,0,0,50
24,90,0,0,0,50
24,90,0,0,0,50
24,90,0,0,0,50
24,90,0,0,0,50
24,90,0,0,0,50
24,90,0,0,0,50
24,90,0,0,0,50
24,90,0,0,0,50
24,90,0,0,0,50
24,90,0,0,0,50
24,90,0,0,0,50
24,90,0,0,0,50
24,90,0,0,0,50
24,90,0,0,0,50
24,91,0,0,0,50
24,92,0,0,0,50
24,93,0,0,0,50
24,94,0,0,0,50
24,95,0,0,0,50
24,95,0,0,0,50
24,96,0,0,0,50
24,96,0,0,0,50
24,96,0,0,0,50
24,96,0,0,0,50
24,95,0,0,0,50
24,94,0,0,0,50
24,93,0,0,0,50
24,92,0,0,0,50
24,92,0,0,0,50
24,91,0,0,0,50
24,90,0,0,0,50
24,90,0,0,0,50
24,90,0,0,0,50
24,91,0,0,0,50
24,90,0,0,0,50
24,90,0,0,0,50
24,90,0,0,0,50
24,90,0,0,0,50
24,90,0,0,0,50
24,90,0,0,0,50
24,90,0,0,0,50
24,90,0,0,0,50
24,90,0,0,0,50
24,90,0,0,0,50
24,90,0,0,0,50
24,90,0,0,0,50
24,90,0,0,0,50
24,90,0,0,0,50
24,90,0,0,0,50
24,90,0,0,0,50
24,90,0,0,0,50
24,90,0,0,0,50
24,90,0,0,0,50
24,90,0,0,0,50
24,90,0,0,0,50
24,90,0,0,0,50
24,90,0,0,0,50
24,90,0,0,0,50
24,90,0,0,0,50
24,90,0,0,0,50
24,89,0,0,0,50
24,89,0,0,0,50
24,89,0,0,0,50
24,88,0,0,0,50
24,88,0,0,0,50
24,88,0,0,0,50
24,88,0,0,0,50
24,88,0,0,0,50
24,88,0,0,0,50
24,88,0,0,0,50
24,88,0,0,0,50
24,88,0,0,0,50
24,88,0,0,0,50
24,88,0,0,0,50
24,88,0,0,0,50
24,88,0,0,0,50
24,88,0,0,0,50
24,88,0,0,0,50
24,88,0,0,0,50
24,88,0,0,0,50
24,88,0,0,0,50
24,88,0,0,0,50
24,88,0,0,0,50
24,88,0,0,0,50
24,88,0,0,0,50
24,88,0,0,0,50
24,89,0,0,0,50
24,89,0,0,0,50
24,89,0,0,0,50
24,89,0,0,0,50
24,90,0,0,0,50
24,90,0,0,0,50
24,90,0,0,0,50
24,90,0,0,0,50
24,90,0,0,0,50
24,90,0,0,0,50
24,90,0,0,0,50
24,90,0,0,0,50
24,90,0,0,0,50
24,90,0,0,0,50
24,89,0,0,0,50
24,89,0,0,0,50
24,89,0,0,0,50
24,89,0,0,0,50
24,88,0,0,0,50
24,88,0,0,0,50
24,88,0,0,0,50
24,88,0,0,0,50
24,88,0,0,0,50
24,88,0,0,0,50
24,88,0,0,0,50
24,88,0,0,0,50
24,89,0,0,0,50
24,90,0,0,0,50
24,91,0,0,0,50
24,93,0,0,0,50
24,93,0,0,0,50
24,93,0,0,0,50
24,96,0,0,0,50
24,96,0,0,0,50
24,96,0,0,0,50
24,95,0,0,0,50
24,94,0,0,0,50
24,93,0,0,0,50
24,92,0,0,0,50
24,91,0,0,0,50
24,91,0,0,0,50
24,90,0,0,0,50
24,90,0,0,0,50
24,90,0,0,0,50
24,90,0,0,0,50
24,90,0,0,0,50
24,90,0,0,0,50
24,90,0,0,0,50
24,90,0,0,0,50
24,89,0,0,0,50
24,88,0,0,0,50
24,87,0,0,0,50
24,86,0,0,0,50
24,86,0,0,0,50
24,86,0,0,0,50
24,85,0,0,0,50
24,86,0,0,0,50
24,86,0,0,0,50
24,87,0,0,0,50
24,88,0,0,0,50
24,88,0,0,0,50
24,89,0,0,0,50
24,89,0,0,0,50
24,89,0,0,0,50
24,89,0,0,0,50
24,89,0,0,0,50
24,89,0,0,0,50
24,89,0,0,0,50
24,89,0,0,0,50
24,89,0,0,0,50
24,89,0,0,0,50
24,88,0,0,0,50
24,88,0,0,0,50
24,89,0,0,0,50
24,89,0,0,0,50
24,89,0,0,0,50
24,89,0,0,0,50
24,89,0,0,0,50
24,90,0,0,0,50
24,90,0,0,0,50
24,90,0,0,0,50
24,90,0,0,0,50
24,90,0,0,0,50
24,90,0,0,0,50
24,90,0,0,0,50
24,90,0,0,0,50
24,90,0,0,0,50
24,90,0,0,0,50
24,90,0,0,0,50
24,91,0,0,0,50
24,92,0,0,0,50
24,92,0,0,0,50
24,93,0,0,0,50
24,94,0,0,0,50
24,95,0,0,0,50
24,96,0,0,0,50
24,97,0,0,0,50
24,98,0,0,0,50
24,98,0,0,0,50
24,99,0,0,0,50
24,99,0,0,0,50
24,99,0,0,0,50
24,100,0,0,0,50
24,99,0,0,0,50
24,98,0,0,0,50
24,98,0,0,0,50
24,97,0,0,0,50
24,96,0,0,0,50
24,94,0,0,0,50
24,94,0,0,0,50
24,93,0,0,0,50
24,92,0,0,0,50
24,91,0,0,0,50
24,91,0,0,0,50
24,91,0,0,0,50
24,91,0,0,0,50
24,91,0,0,0,50
24,91,0,0,0,50
24,90,0,0,0,50
24,90,0,0,0,50
24,90,0,0,0,50
24,90,0,0,0,50
24,90,0,0,0,50
24,90,0,0,0,50
24,90,0,0,0,50
24,90,0,0,0,50
24,90,0,0,0,50
24,90,0,0,0,50
24,90,0,0,0,50
24,90,0,0,0,50
24,90,0,0,0,50
24,90,0,0,0,50
24,90,0,0,0,50
24,90,0,0,0,50
24,90,0,0,0,50
24,90,0,0,0,50
24,90,0,0,0,50
24,90,0,0,0,50
24,90,0,0,0,50
24,90,0,0,0,50
24,90,0,0,0,50
24,90,0,0,0,50
24,90,0,0,0,50
24,90,0,0,0,50
24,90,0,0,0,50
24,90,0,0,0,50
24,90,0,0,0,50
24,90,0,0,0,50
24,91,0,0,0,50
24,92,0,0,0,50
24,93,0,0,0,50
24,93,0,0,0,50
24,94,0,0,0,50
24,94,0,0,0,50
24,95,0,0,0,50
24,95,0,0,0,50
24,94,0,0,0,50
24,94,0,0,0,50
24,94,0,0,0,50
24,94,0,0,0,50
24,94,0,0,0,50
24,94,0,0,0,50
24,94,0,0,0,50
24,93,0,0,0,50
24,93,0,0,0,50
24,93,0,0,0,50
24,93,0,0,0,50
24,94,0,0,0,50
24,96,0,0,0,50
24,95,0,0,0,50
24,95,0,0,0,50
24,94,0,0,0,50
24,93,0,0,0,50
24,92,0,0,0,50
24,90,0,0,0,50
24,90,0,0,0,50
24,90,0,0,0,50
24,93,0,0,0,50
24,93,0,0,0,50
24,94,0,0,0,50
24,94,0,0,0,50
24,94,0,0,0,50
24,95,0,0,0,50
24,95,0,0,0,50
24,94,0,0,0,50
24,94,0,0,0,50
24,95,0,0,0,50
24,97,0,0,0,50
24,99,0,0,0,50
24,100,0,0,0,50
24,103,0,0,0,50
24,106,0,0,0,50
24,110,0,0,0,50
24,113,0,0,0,50
24,116,0,0,0,50
24,118,0,0,0,50
24,120,0,0,0,50
24,120,0,0,0,50
24,119,0,0,0,50
24,119,0,0,0,50
24,117,0,0,0,50
24,115,0,0,0,50
24,111,0,0,0,50
24,110,0,0,0,50
24,109,0,0,0,50
24,109,0,0,0,50
24,108,0,0,0,50
24,109,0,0,0,50
24,109,0,0,0,50
24,109,0,0,0,50
24,110,0,0,0,50
24,109,0,0,0,50
24,108,0,0,0,50
24,107,0,0,0,50
24,105,0,0,0,50
24,104,0,0,0,50
24,103,0,0,0,50
24,103,0,0,0,50
24,102,0,0,0,50
24,101,0,0,0,50
24,101,0,0,0,50
24,100,0,0,0,50
24,100,0,0,0,50
24,99,0,0,0,50
24,98,0,0,0,50
24,98,0,0,0,50
24,99,0,0,0,50
24,100,0,0,0,50
24,99,0,0,0,50
24,99,0,0,0,50
24,99,0,0,0,50
24,98,0,0,0,50
24,98,0,0,0,50
24,97,0,0,0,50
24,96,0,0,0,50
24,95,0,0,0,50
24,94,0,0,0,50
24,94,0,0,0,50
24,94,0,0,0,50
24,94,0,0,0,50
24,94,0,0,0,50
24,94,0,0,0,50
24,94,0,0,0,50
24,94,0,0,0,50
24,94,0,0,0,50
24,94,0,0,0,50
24,94,0,0,0,50
24,94,0,0,0,50
24,94,0,0,0,50
24,94,0,0,0,50
24,94,0,0,0,50
24,94,0,0,0,50
24,94,0,0,0,50
24,94,0,0,0,50
24,94,0,0,0,50
24,94,0,0,0,50
24,94,0,0,0,50
24,94,0,0,0,50
24,93,0,0,0,50
24,93,0,0,0,50
24,93,0,0,0,50
24,93,0,0,0,50
24,92,0,0,0,50
24,92,0,0,0,50
24,93,0,0,0,50
24,93,0,0,0,50
24,94,0,0,0,50
24,95,0,0,0,50
24,95,0,0,0,50
24,96,0,0,0,50
24,95,0,0,0,50
24,94,0,0,0,50
24,94,0,0,0,50
24,93,0,0,0,50
24,92,0,0,0,50
24,92,0,0,0,50
24,92,0,0,0,50
24,92,0,0,0,50
24,92,0,0,0,50
24,92,0,0,0,50
24,92,0,0,0,50
24,90,0,0,0,50
24,89,0,0,0,50
24,87,0,0,0,50
24,86,0,0,0,50
24,84,0,0,0,50
24,82,0,0,0,50
24,80,0,0,0,50
24,80,0,0,0,50
24,79,0,0,0,50
24,79,0,0,0,50
24,81,0,0,0,50
24,84,0,0,0,50
24,87,0,0,0,50
24,91,0,0,0,50
24,95,0,0,0,50
24,101,0,0,0,50
24,107,0,0,0,50
24,109,0,0,0,50
24,112,0,0,0,50
24,114,0,0,0,50
24,116,0,0,0,50
24,117,0,0,0,50
24,117,0,0,0,50
24,116,0,0,0,50
24,115,0,0,0,50
24,113,0,0,0,50
24,111,0,0,0,50
24,109,0,0,0,50
24,108,0,0,0,50
24,106,0,0,0,50
24,104,0,0,0,50
24,102,0,0,0,50
24,101,0,0,0,50
24,99,0,0,0,50
24,98,0,0,0,50
24,96,0,0,0,50
24,94,0,0,0,50
24,94,0,0,0,50
24,92,0,0,0,50
24,92,0,0,0,50
24,92,0,0,0,50
24,92,0,0,0,50
24,92,0,0,0,50
24,92,0,0,0,50
24,92,0,0,0,50
24,91,0,0,0,50
24,91,0,0,0,50
24,91,0,0,0,50
24,91,0,0,0,50
24,91,0,0,0,50
24,91,0,0,0,50
24,91,0,0,0,50
24,93,0,0,0,50
24,94,0,0,0,50
24,95,0,0,0,50
24,95,0,0,0,50
24,96,0,0,0,50
24,96,0,0,0,50
24,96,0,0,0,50
24,95,0,0,0,50
24,95,0,0,0,50
24,95,0,0,0,50
24,95,0,0,0,50
24,95,0,0,0,50
24,94,0,0,0,50
24,94,0,0,0,50
24,95,0,0,0,50
24,95,0,0,0,50
24,95,0,0,0,50
24,95,0,0,0,50
24,95,0,0,0,50
24,95,0,0,0,50
24,95,0,0,0,50
24,95,0,0,0,50
24,95,0,0,0,50
24,95,0,0,0,50
24,95,0,0,0,50
24,95,0,0,0,50
24,95,0,0,0,50
24,95,0,0,0,50
24,95,0,0,0,50
24,95,0,0,0,50
24,95,0,0,0,50
24,95,0,0,0,50
24,95,0,0,0,50
24,95,0,0,0,50
24,95,0,0,0,50
24,110,0,0,0,50
24,110,0,0,0,50
24,125,0,0,0,50
24,142,0,0,0,50
24,179,0,0,0,50
24,191,0,0,0,50
24,205,0,0,0,50
24,206,0,0,0,50
24,206,0,0,0,50
24,205,0,0,0,50
24,195,0,0,0,50
24,183,0,0,0,50
24,178,0,0,0,50
24,170,0,0,0,50
24,170,0,0,0,50
24,160,0,0,0,50
24,136,0,0,0,50
24,131,0,0,0,50
24,129,0,0,0,50
24,127,0,0,0,50
24,126,0,0,0,50
24,125,0,0,0,50
24,125,0,0,0,50
24,125,0,0,0,50
24,127,0,0,0,50
24,126,0,0,0,50
24,126,0,0,0,50
24,126,0,0,0,50
24,123,0,0,0,50
24,121,0,0,0,50
24,118,0,0,0,50
24,116,0,0,0,50
24,111,0,0,0,50
24,106,0,0,0,50
24,101,0,0,0,50
24,93,0,0,0,50
24,91,0,0,0,50
24,89,0,0,0,50
24,86,0,0,0,50
24,85,0,0,0,50
24,84,0,0,0,50
24,83,0,0,0,50
24,87,0,0,0,50
24,86,0,0,0,50
24,86,0,0,0,50
24,86,0,0,0,50
24,87,0,0,0,50
24,88,0,0,0,50
24,90,0,0,0,50
24,92,0,0,0,50
24,93,0,0,0,50
24,95,0,0,0,50
24,95,0,0,0,50
24,95,0,0,0,50
24,95,0,0,0,50
24,95,0,0,0,50
24,95,0,0,0,50
24,95,0,0,0,50
24,96,0,0,0,50
24,96,0,0,0,50
24,96,0,0,0,50
24,97,0,0,0,50
24,98,0,0,0,50
24,98,0,0,0,50
24,98,0,0,0,50
24,99,0,0,0,50
24,99,0,0,0,50
24,99,0,0,0,50
24,99,0,0,0,50
24,97,0,0,0,50
24,96,0,0,0,50
24,95,0,0,0,50
24,95,0,0,0,50
24,95,0,0,0,50
24,95,0,0,0,50
24,95,0,0,0,50
24,95,0,0,0,50
24,96,0,0,0,50
24,99,0,0,0,50
24,100,0,0,0,50
24,100,0,0,0,50
24,102,0,0,0,50
24,102,0,0,0,50
24,102,0,0,0,50
24,100,0,0,0,50
24,100,0,0,0,50
24,98,0,0,0,50
24,97,0,0,0,50
24,96,0,0,0,50
24,96,0,0,0,50
24,95,0,0,0,50
24,95,0,0,0,50
24,96,0,0,0,50
24,97,0,0,0,50
23.6,99,0,0,0,0
23.2,100,0,0,0,0
22.8,101,0,0,0,0
22.4,101,0,0,0,0
22,101,0,0,0,0
21.6,101,0,0,0,0
21.2,101,0,0,0,0
20.8,101,0,0,0,0
20.4,101,0,0,0,0
20,101,0,0,0,0
19.6,101,0,0,0,0
19.2,103,0,0,0,0
18.8,106,0,0,0,0
18.4,107,0,0,0,0
18,107,0,0,0,0
17.6,107,0,0,0,0
17.2,110,0,0,0,0
16.8,110,0,0,0,0
16.4,115,0,0,0,0
16,115,0,0,0,0
15.6,115,0,0,0,0
15.2,116,0,0,0,0
14.8,116,0,0,0,0
14.4,117,0,0,0,0
14,117,0,0,0,0
13.6,116,0,0,0,0
13.2,117,0,0,0,0
12.8,117,0,0,0,0
12.4,117,0,0,0,0
12,117,0,0,0,0
11.6,117,0,0,0,0
11.2,118,0,0,0,0
10.8,117,0,0,0,0
10.4,116,0,0,0,0
10,115,0,0,0,0
9.6,114,0,0,0,0
9.2,113,0,0,0,0
8.8,112,0,0,0,0
8.4,110,0,0,0,0
8,109,0,0,0,0
7.6,107,0,0,0,0
7.2,107,0,0,0,0
6.8,105,0,0,0,0
6.4,103,0,0,0,0
6,101,0,0,0,0
5.6,101,0,0,0,0
5.2,99,0,0,0,0
4.8,98,0,0,0,0
4.4,96,0,0,0,0
4,94,0,0,0,0
3.6,92,0,0,0,0
3.2,91,0,0,0,0
2.8,90,0,0,0,0
2.4,88,0,0,0,0
2,87,0,0,0,0
1.6,87,0,0,0,0
1.2,86,0,0,0,0
0.8,87,0,0,0,0
0.4,87,0,0,0,0
0,87,0,0,0,0
0,88,0,0,0,0
0,88,0,0,0,0
0,88,0,0,0,0
0,89,0,0,0,0
0,89,0,0,0,0
0,89,0,0,0,0
0,89,0,0,0,0
0,88,0,0,0,0
0,88,0,0,0,0
0,88,0,0,0,0
0,88,0,0,0,0
0,88,0,0,0,0
0,87,0,0,0,0
0,87,0,0,0,0
0,88,0,0,0,0
0,88,0,0,0,0
0,88,0,0,0,0
0,88,0,0,0,0
0,88,0,0,0,0
0,87,0,0,0,0
0,87,0,0,0,0
0,87,0,0,0,0
0,87,0,0,0,0
0,87,0,0,0,0
0,86,0,0,0,0
0,86,0,0,0,0
0,87,0,0,0,0
0,87,0,0,0,0
0,87,0,0,0,0
0,87,0,0,0,0
0,87,0,0,0,0
0,87,0,0,0,0
0,87,0,0,0,0
0,88,0,0,0,0
0,89,0,0,0,0
0,90,0,0,0,0
0,90,0,0,0,0
0,94,0,0,0,0
0,95,0,0,0,0
0,96,0,0,0,0
0,97,0,0,0,0
0,93,0,0,0,0
0,91,0,0,0,0
0,89,0,0,0,0
0,83,0,0,0,0
0,78,0,0,0,0
0,73,0,0,0,0
0,68,0,0,0,0
0,66,0,0,0,0
0,63,0,0,0,0
0,59,0,0,0,0
0,60,0,0,0,0
0,61,0,0,0,0
0,62,0,0,0,0
0,64,0,0,0,0
0,66,0,0,0,0
0,68,0,0,0,0
0,71,0,0,0,0
0,72,0,0,0,0
0,73,0,0,0,0
0,75,0,0,0,0
0,76,0,0,0,0
0,78,0,0,0,0
0,79,0,0,0,0
0,81,0,0,0,0
0,83,0,0,0,0
0,84,0,0,0,0
0,87,0,0,0,0
0,87,0,0,0,0
0,87,0,0,0,0
0,95,0,0,0,0
0,96,0,0,0,0
0,97,0,0,0,0
0,98,0,0,0,0
0,99,0,0,0,0
0,101,0,0,0,0
0,101,0,0,0,0
0,98,0,0,0,0
0,103,0,0,0,0
0,100,0,0,0,0
0,98,0,0,0,0
0,99,0,0,0,0
0,100,0,0,0,0
0,97,0,0,0,0
0,98,0,0,0,0
0,94,0,0,0,0
0,97,0,0,0,0
0,99,0,0,0,0
0,97,0,0,0,0
0,94,0,0,0,0
0,95,0,0,0,0
0,92,0,0,0,0
0,90,0,0,0,0
0,88,0,0,0,0
0,86,0,0,0,0
0,84,0,0,0,0
0,83,0,0,0,0
0,83,0,0,0,0
0,81,0,0,0,0
0,80,0,0,0,0
0,79,0,0,0,0
0,79,0,0,0,0
0,79,0,0,0,0
0,79,0,0,0,0
0,79,0,0,0,0
0,79,0,0,0,0
0,79,0,0,0,0
0,79,0,0,0,0
0,79,0,0,0,0
0,79,0,0,0,0
0,79,0,0,0,0
0,79,0,0,0,0
0,79,0,0,0,0
0,78,0,0,0,0
0,78,0,0,0,0
0,78,0,0,0,0
0,77,0,0,0,0
0,77,0,0,0,0
0,76,0,0,0,0
0,76,0,0,0,0
0,76,0,0,0,0
------End of Test------
Start of test=09:03:15
End of Test=09:25:12
Test Type=Treadmill : Treadmill
Total Test time=0:21:57
Warmup1 Speed=1.4
Warmup1 Slope=2
Warmup2 Speed=3.6
Warmup2 Slope=0.02
Training Duration=17
Training Speed=2.4
Training Slope=5
------Test Stage Values------
Warmup1 Time=60
Resting Pulse=85
Resting Blood Pressure=
Warmup2 Time=39
Training Time=1020
Stress Pulse=99
Stress AvgPulse=95
Stress Blood Pressure=0/0
Recovery1 Time=60
Recovery Pulse=76
Recovery Blood Pressure=
Recovery2 Time=120
VO2Max=37,1
Distance=727
Borg scale=
------BP Values------
------Marker------
